205
203
511
665
680
641
559
717
708
313
110
149
184
312
392
413
720
225
655
389
509
288
563
489
613
628
72
539
188
442
642
407
476
33
65
652
326
355
96
133
719
498
504
632
453
120
496
713
701
724
169
222
698
707
518
704
712
144
294
320
516
517
540
500
280
381
394
53
340
357
367
178
686
210
475
568
722
454
638
656
661
585
235
239
477
491
176
190
212
599
622
689
165
482
650
3
20
497
660
556
331
243
510
671
403
197
217
341
189
493
329
257
287
244
470
589
618
630
330
349
100
54
224
659
529
594
302
316
332
694
702
626
183
207
214
565
405
420
721
234
464
681
714
718
23
27
35
443
469
695
625
471
277
303
232
447
296
318
327
334
505
602
683
488
262
276
421
263
272
151
699
596
135
164
499
76
94
610
435
433
501
600
481
428
436
487
576
606
590
609
624
106
158
83
486
705
80
107
319
354
573
579
264
533
551
513
68
299
311
322
567
607
460
645
658
134
693
437
118
140
519
532
309
314
351
366
375
187
554
667
605
468
478
506
515
425
446
669
145
153
121
156
50
675
560
261
265
634
558
467
474
703
639
649
364
502
147
152
324
347
562
620
97
461
250
172
254
275
43
373
612
530
494
520
215
233
668
123
356
370
247
706
711
86
155
171
495
684
692
700
633
283
310
553
566
549
12
32
445
575
614
651
682
432
631
637
644
429
109
127
664
676
317
251
268
236
240
249
574
583
206
270
291
24
44
512
715
710
39
52
424
441
514
531
582
117
128
8
15
22
28
635
572
490
597
598
166
181
621
41
237
213
402
604
640
537
374
387
578
690
67
92
643
646
191
216
535
544
5
439
449
617
619
629
1
7
223
543
163
571
584
697
98
85
269
292
304
422
462
73
569
581
368
411
561
592
587
666
306
359
390
78
99
59
70
74
193
116
253
258
673
678
102
108
115
577
521
534
636
648
448
451
463
227
360
376
418
2
4
6
9
10
11
13
14
16
17
18
19
21
25
26
29
30
31
34
36
37
38
40
42
45
46
47
48
49
51
55
56
57
58
60
61
62
63
64
66
69
71
75
77
79
81
82
84
87
88
89
90
91
93
95
101
103
104
105
111
112
113
114
119
122
124
125
126
129
130
131
132
136
137
138
139
141
142
143
146
148
150
154
157
159
160
161
162
167
168
170
173
174
175
177
179
180
182
185
186
192
194
195
196
198
199
200
201
202
204
208
209
211
218
219
220
221
226
228
229
230
231
238
241
242
245
246
248
252
255
256
259
260
266
267
271
273
274
278
279
281
282
284
285
286
289
290
293
295
297
298
300
301
305
307
308
315
321
323
325
328
333
335
336
337
338
339
342
343
344
345
346
348
350
352
353
358
361
362
363
365
369
371
372
377
378
379
380
382
383
384
385
386
388
391
393
395
396
397
398
399
400
401
404
406
408
409
410
412
414
415
416
417
419
423
426
427
430
431
434
438
440
444
450
452
455
456
457
458
459
465
466
472
473
479
480
483
484
485
492
503
507
508
522
523
524
525
526
527
528
536
538
541
542
545
546
547
548
550
552
555
557
564
570
580
586
588
591
593
595
601
603
608
611
615
616
623
627
647
653
654
657
662
663
670
672
674
677
679
685
687
688
691
696
709
716
723

